石垣島 24 124 20 9
那覇 26 127 12 40
南大東島 25 131 50 14
名瀬 28 129 37 48
鹿児島 31 130 35 33
福江 32 128 41 50
厳原 34 129 12 17
足摺岬 32 133 43 1
室戸岬 33 134 14 10
松山 33 132 50 45
浜田 34 132 53 4
西郷 36 133 12 20
大阪 34 135 41 30
潮岬 33 135 26 45
八丈島 33 139 6 47
大島 34 139 44 24
御前崎 34 138 35 13
銚子 35 140 44 49
前橋 36 139 23 3
小名浜 36 140 57 54
輪島 37 136 23 53
相川 38 138 2 14
仙台 38 140 15 54
宮古 39 141 38 56
秋田 39 140 43 6
函館 41 140 46 43
浦河 42 142 10 46
根室 43 145 19 34
稚内 45 141 24 40
ポロナイスク 49 143 13 7
セベロクリリスク 50 156 41 7
ハバロフスク 48 135 29 4
ルドナヤプリスタニ 44 135 21 48
ウラジオストク 43 131 7 55
ソウル 37 126 34 58 
ウルルン島 37 130 30 52
プサン 35 129 6 2
モッポ 34 126 46 21
チェジュ島 33 126 22 32
台北 25 121 5 33
恒春 22 120 0 45
長春 43 125 53 19
北京 39 116 54 23
大連 39 121 2 46
青島 36 120 5 20
上海 31 121 10 29
武漢 30 114 34 16
アモイ 24 118 26 4
香港 22 114 16 11
バスコ 20 121 27 58
マニラ 14 120 35 58
父島 27 142 4 13
南鳥島 24 154 17 0
富士山 0 0
